nome;Oggi30Mb;Oggi100Mb;201530Mb;2015100Mb;201830Mb;2018100Mb;202030Mb;2020100Mb
basilicata;42;1.7;9;0;73;6;100;13.66
calabria;76;3.4;19;0;93.4;9;100;15.78
abruzzo;7.5;2;7.5;2;68.1;10;100;30.61
campania;65.2;14;47.9;6;75.7;25;100;34.58
emiliaromagna;37.4;13;37.4;13;71.6;27;100;40.86
friuliveneziagiulia;23.6;0;23.6;0;59.6;20;100;32.29
lazio;51.8;21.6;45.6;21;83.6;38;100;47.62
liguria;35.5;14;35.5;14;76;26;100;38.69
lombardia;23.1;25;22.2;25;60.3;35;100;43.63
marche;16.3;1;16.3;1;62.1;9;100;29.21
piemonte;26.4;13;26.4;13;56.2;24;100;36.89
puglia;53.8;4.9;15.9;3;95.3;17;100;24.85
sardegna;10.4;0;10.4;0;86.8;10;100;24.64
molise;15.3;2.1;5.8;0;33.7;4;100;19.95
sicilia;33.1;5.7;21;5;80.2;17;100;28.27
trentinoaltoadige;18.1;7;18.1;7;40.7;15;100;29.17
umbria;17.6;0;17.6;0;62.5;14;100;28.12
toscana;30.4;5.2;27.5;5;73.8;26;100;41.34
veneto;25.2;4.1;20.1;4;61;16;100;32.02
valledaosta;1.1;0;1.1;0;23.3;2;100;18.47

